8985
4588
1847
10313
4254
14904
4434
6606
19978
1748
16569
18473
317
11263
5562
1234
5592
11262
8596
12189
5376
332
9310
19099
2674
6959
5298
153
17437
11302
13205
2854
8800
15006
11363
3955
2689
10820
18075
2834
9415
16660
13477
737
11477
592
4220
9888
14500
17357
11452
2333
3676
14055
2536
15345
13358
18229
8504
18884
3600
16151
15486
8683
4598
1996
17908
14514
9865
10528
13859
17716
12615
1058
9522
14087
7192
11731
17001
19797
7688
5562
18241
4708
4485
14069
6379
4695
4759
810
14617
8526
12374
10620
3053
18825
17101
601
5436
16650
13674
13232
16094
11575
2494
2624
11508
4543
2903
9547
14967
8180
4151
5833
16857
9366
11377
18745
3450
7569
7008
1203
4490
18076
18116
7096
9621
17699
2234
15019
528
18271
6550
11705
19295
1856
4864
6291
14016
15436
5288
12028
11511
19362
13863
6590
2679
19095
11892
1463
17994
11842
17823
2097
12701
8275
2157
18064
15307
19357
12849
9156
9957
19349
9283
6046
12891
1746
5888
3935
8777
12308
7742
13035
5696
18370
13770
3229
7695
5708
5440
340
1935
12206
12998
587
11528
2709
12102
16199
10691
3260
8038
5033
5805
8432
2181
1315
16709
1266
10196
5607
18883
10138
5102
6267
9732
15417
9718
18345
13494
3991
5836
979
6268
8698
3883
9763
5374
13800
1954
13889
17969
11972
4940
158
9150
18676
10831
16268
3666
16675
16750
8720
6946
10019
12939
6608
12024
15786
18941
15239
10078
19869
13097
6648
13958
5962
12576
3647
9939
12911
11509
98
3848
10584
5561
14502
6699
17925
10165
3134
2166
9770
5251
12415
13498
7217
13386
10799
9903
18842
4020
6651
5853
14210
3405
17703
192
15329
14106
9153
12668
11821
6708
303
5885
15229
15136
9158
9641
5608
6764
4028
11236
15371
16776
7989
4063
8681
7294
15610
10495
4204
9167
16905
18021
970
6444
2213
10495
19524
3629
12333
10763
13608
8306
1066
12323
5206
916
3778
9098
31
19463
13003
9969
13289
15759
14649
8102
16527
11163
2519
6809
17989
15266
6452
8620
6394
2905
19477
2423
10998
3310
6249
10486
7714
3268
17562
15503
11367
11563
18270
6499
5199
14555
9197
17809
15784
17165
5773
19457
11911
9462
19882
9268
11625
6305
769
13669
18900
9256
3675
7132
9372
8815
3927
3887
18081
15421
5856
4053
11894
17079
13406
7849
6268
8347
8328
1847
17613
534
13207
15974
2869
19010
789
5154
15323
5504
10836
1733
10973
4429
540
16161
19673
6308
16604
3308
17224
9777
10850
12425
15140
173
8389
12911
6283
9851
1759
504
10748
14493
3961
16840
1854
8756
12894
4312
11423
13778
3249
16414
794
14845
4155
17275
16978
18243
9884
608
7963
5173
4387
1918
13528
11809
19097
17353
18846
3536
8375
6920
19800
19224
13047
17467
12644
2431
3912
18441
5914
8717
11100
10022
11405
8524
15836
10109
10090
3295
5051
7680
1917
13276
6311
2569
2740
18183
7868
8043
9371
15725
15794
3194
5765
13850
14263
11028
6828
7671
984
4618
16304
483
3672
17647
18555
16589
6787
18044
2438
17675
12892
14526
372
507
10291
8541
2780
19187
17618
13065
6724
12134
16406
14467
1416
5430
8859
16709
6138
9777
12881
13359
14020
2826
14890
15119
19849
11284
11893
14476
8489
5309
14565
19439
4483
16325
7050
19663
18933
1945
10209
15832
3583
816
3431
11959
4069
6530
8521
14628
5299
15456
18903
15627
1275
11828
7062
4537
12569
9366
1877
12609
14552
7495
7544
9576
2446
6190
10608
5651
2818
16653
18187
16618
1646
15295
10983
17609
16351
14384
19874
12867
4249
14041
6030
6836
17048
8950
11616
7457
3633
19430
17543
11406
18743
17791
6041
15388
9657
75
10985
1884
13224
3971
6325
16437
18263
14054
16060
5102
15291
2293
8845
4824
8178
14223
7226
8155
8480
13572
5004
16476
6452
14616
18608
14247
17225
3671
8270
8159
14888
5519
858
2463
9867
17422
11939
19148
5212
9273
11689
6009
13052
19781
2765
13270
9760
19894
6368
15767
18550
19826
8893
16348
4517
10881
18386
10914
18674
7876
12633
5989
12287
15
5030
17520
6926
8164
15001
14147
7139
6508
2003
5024
15047
10645
5157
15538
10025
14339
7843
16346
15647
13876
18360
1623
1770
7253
5779
10513
14071
14906
11839
11938
1026
6046
9265
514
6677
10295
19738
11886
4846
6324
1309
11380
2399
5047
17338
15550
1423
14473
7240
12376
4830
894
5185
7456
16165
2470
7575
1385
2012
18829
19460
15211
5493
3568
1120
14378
13029
19484
4268
5250
5411
7813
5899
6412
10025
9503
5392
496
13176
4253
17777
6535
6392
7076
14555
18827
12732
17130
3584
16413
16644
18129
14412
13554
4892
19866
949
2108
15970
6599
3473
369
2693
1234
2561
9306
5416
14691
15850
18938
6118
5426
19588
8473
18000
7705
18892
7404
17938
6933
7508
12738
3827
19161
3419
11405
1499
16719
15863
16331
14159
4652
18157
14929
1144
19023
6307
4403
8449
1014
270
14514
17119
284
10149
11618
13195
10259
8470
5047
19083
12250
18870
5804
19919
12059
8564
10191
11158
356
18439
492
8433
7231
6502
4149
4351
1329
5622
6571
17432
12939
19582
15531
7461
15280
12150
16152
10764
5316
6590
6720
5002
9741
18795
16046
6073
13482
2012
8972
8785
3436
13803
19955
4267
1876
10846
17905
1472
3563
4221
6485
19696
11096
18975
9337
4446
5698
11581
9037
2232
10754
14248
17340
6261
5699
7798
2749
10583
16281
11223
17112
10577
9691
518
4723
5282
9663
15963
5529
16766
3889
17629
13862
15853
7727
9972
16113
3437
1316
18781
17653
3059
5631
4759
2622
2191
9679
3771
4877
6733
15197
7688
17416
14872
16006
7132
14785
4761
14196
2526
4449
16765
10968
728
18833
1172
18022
4803
18501
15702
9484
3226
11429
5472
6288
4369
12922
124
15270
16574
14737
18815
10283
13461
15758
19851
11873
19025
2609
11733
5863
6798
7454
11617
7987
6612
11275
6153
18447
7022
19595
5884
19054
5881
13297
16899
4969
13496
16484
6880
4795
17284
5790
5295
15541
14848
12128
19758
19806
6186
14486
729
11979
782
15554
19470
9655
1813
16392
17871
2847
3610
18645
15269
10909
14461
1037
7330
10654
14225
272
1631
3042
5936
4104
15684
3408
2958
1809
8902
18547
19530
5509
14090
11125
13185
11363
17736
2775
7293
13787
13226
12714
5899
13369
5492
13005
1546
332
14846
17827
3711
2098
15485
3856
19334
1506
10080
5392
12355
3381
13237
3700
10038
13393
13483
8090
10988
7124
11987
12487
10546
12794
2016
7108
6693
19850
17229
7411
13029
14883
349
15692
8424
15615
3390
11416
17354
17537
4999
13961
15618
18752
6208
9268
10896
400
16801
16524
7091
5961
4435
19388
17783
342
16498
6753
11627
15517
12980
11042
1169
19174
14787
7085
17134
17673
2758
12367
5793
14168
3774
2479
3312
7175
12044
10279
17054
8692
7664
18560
14105
16022
12748
11370
15600
10502
10790
10485
15650
1476
237
10030
18802
1000
15571
2425
18134
10310
17113
19112
12046
15677
2408
6389
19857
11420
603
17250
9539
145
19610
15914
4228
3248
19394
19171
19906
15740
3104
5875
3054
629
4156
2508
14764
19486
10226
8774
4516
10505
10107
311
17461
6690
1642
18673
1161
8757
6163
9848
6372
4188
14662
19582
11606
681
2265
11933
14320
12557
4163
1265
16147
4322
13445
432
10212
12731
1795
4870
7323
3750
2800
18897
763
6331
14600
4918
15452
17733
15734
13342
5412
19145
3734
14800
11732
16407
12053
5644
17726
14252
1172
12097
18421
1953
17516
8876
1692
948
5131
2223
3809
8914
15772
17289
5315
5949
645
7127
11277
7999
3338
12487
19335
3372
5199
2708
14146
1677
18330
771
12113
9006
4439
8537
6359
17349
13205
6263
8891
13949
6829
15699
2872
1631
19907
4596
10161
6716
16582
3497
14242
16762
2737
19015
6193
12728
14356
4574
8643
14015
11436
12662
16043
8743
18478
17387
13854
19043
996
10978
19810
8458
5102
16647
11013
16035
1322
5733
17737
7852
17710
9633
10781
17447
2609
11155
4679
16898
5513
10017
2909
513
11184
3834
18290
12362
8608
10828
1742
9901
8925
1891
759
11662
15058
8223
13579
10672
14707
12400
7120
13088
14465
13969
802
11355
9229
3102
19691
12861
10516
9555
2706
12455
18664
1858
11690
10700
15663
18512
14410
9016
16932
1485
125
126
3100
14063
18416
19932
10947
6922
11241
4109
677
18286
19127
7755
648
2876
12612
4638
17174
2086
14566
18374
4057
15491
16341
14913
671
6475
19768
18361
12541
1941
16952
8461
6736
16587
16566
6010
7742
13350
5048
8454
6459
14188
9438
16266
12040
2018
3507
5593
373
10351
1727
15601
19303
7216
15609
13884
8597
8465
10746
10627
3340
19374
12365
11600
3379
15815
3618
9215
7081
6969
4930
12769
10154
17375
3388
268
3472
836
16414
10530
7797
4035
6336
13083
2999
13213
17946
2354
3925
15030
1109
3850
13494
1965
13087
7771
8329
14166
1752
16797
15846
3766
969
19439
9235
10714
4917
18949
6147
14677
11016
14124
16442
18132
8556
18106
10411
8799
5978
16183
16130
11374
11981
17218
4349
2469
1458
5890
10805
18254
5948
17674
5978
10065
7636
14119
12285
14163
8909
5097
14599
2921
4693
11851
10918
11671
15464
6977
4649
17641
6015
222
13344
14860
5253
18943
19078
1098
6602
8248
8219
15585
7377
11768
19530
17663
18244
18523
17097
7005
4935
18572
10175
19124
11914
1717
10912
14400
14264
14213
16595
10095
15756
1436
6036
13862
13251
8150
15062
5489
3980
15857
14848
4741
956
9021
15160
9940
10559
15744
4318
8011
8168
12003
12239
14699
13866
8604
298
3011
15167
18392
16942
19910
19589
11109
2402
2734
2569
10713
13007
19149
19611
16259
10632
7756
13601
3020
15882
13602
19944
17321
13822
9682
17140
14048
9851
11042
12857
2005
8
12499
9538
6512
13343
13570
7631
15820
6477
1786
8636
16286
17462
18067
6459
8576
13430
8555
420
19705
12706
4927
1635
8363
3661
4871
13263
12057
4679
12492
4123
9203
11615
18950
15942
11359
6953
14486
15053
17510
19034
4188
13631
3864
6768
2838
9009
9277
13167
8310
3368
4345
9670
1631
6100
3354
17296
7612
1661
14049
1687
13149
14293
16427
15602
15566
10508
18331
12207
12534
19747
15142
2828
13417
2296
10299
1695
970
7296
9645
13206
14017
3251
10878
11929
16661
16352
18249
7979
11750
6593
15756
239
19113
13610
10737
18598
16609
10619
1623
5175
11958
16501
13570
16168
341
17577
16539
1769
17412
9260
13957
2544
16704
3367
13182
13470
15605
9034
7854
5889
5529
6304
12271
12851
17285
9278
13656
16927
18097
6550
15272
2307
17579
7880
3052
9073
16244
15927
2221
9200
535
16889
313
8064
6631
13672
14924
11547
5204
19479
4890
7958
18569
15166
14748
9895
10533
5398
15541
192
2772
2912
11808
11545
2761
18783
15160
14924
11034
7846
7043
11578
5656
9868
9468
17611
17994
3068
8892
595
69
5001
11652
4911
19402
9023
10089
2895
13884
16724
19804
11182
12892
7934
12117
13692
15811
2174
155
19292
12795
16314
6035
4873
1178
19496
1731
13940
10620
10309
3714
2185
14973
8518
2398
18288
3504
19462
1768
13647
11678
3487
7872
11212
3518
8884
15609
19791
11789
1450
15337
614
8875
15062
15120
11427
1330
9041
5506
12320
6707
13865
11122
3395
6286
18641
16572
3868
19182
4121
1071
171
17632
16504
6838
8958
16334
869
8898
7960
17212
18309
9462
2638
19261
4607
17998
9323
18003
716
17548
12659
13601
7946
608
16612
15343
911
8180
4952
16666
2266
5009
10375
6677
8773
1362
4042
10432
9079
7491
7034
12995
15510
1653
471
4199
17305
3201
9444
19057
3803
3926
15152
7036
2636
14497
17072
946
14690
15032
15687
13286
4654
2627
5255
6065
6409
6503
6673
808
11564
14224
8857
4758
19710
1915
5701
11387
168
9757
3796
320
16581
14580
5051
14998
13973
5128
19818
4747
10257
4284
7086
10920
13944
8119
6031
16489
9704
17514
15706
15705
15465
10590
16313
7722
963
6139
17821
15534
12111
19511
8926
2294
12907
345
12025
9348
5415
12329
5336
14830
605
1366
8496
14930
6814
18691
5540
3408
4486
16911
14630
5321
1201
4927
18366
4498
1480
16362
16611
6677
9908
12385
2374
9604
8275
8986
12974
19834
17383
4888
6493
18512
747
2488
15282
18201
17570
985
8968
1915
18184
7689
13148
9226
16330
8105
15308
6531
2673
15388
18938
10850
1273
15729
19631
13280
4992
5706
9437
6796
13721
4073
509
11589
7264
10550
19383
4785
8745
4143
13312
10045
7825
7341
6814
2578
13718
5806
16422
6544
3490
5029
12870
19402
13954
3898
6015
6717
18582
8767
14122
8974
3393
9392
5756
3967
1567
16518
6084
14990
6966
17784
9009
17515
18406
8014
5776
19155
15866
18564
13394
11117
2432
4120
18093
7137
4661
6384
5401
4592
1561
11594
955
948
13698
11810
7358
14581
18957
11353
2589
1028
14863
5672
18397
6424
361
6658
3479
16834
18010
12862
4243
6031
7086
15433
19984
10043
18580
7943
12929
4396
13838
18114
9649
11090
610
145
327
13624
14093
1670
18468
13159
4598
6068
1897
5624
6464
4954
19862
19892
10074
5393
2190
7146
5713
18030
822
4427
3205
11988
8219
14566
3320
17273
1235
11035
12387
14931
3259
1118
15907
15935
6848
1931
14736
13422
17242
6112
11598
877
15474
9147
2941
7567
2213
9584
4459
1209
13824
9415
10986
6793
7147
18065
3963
9028
2562
3781
4777
13563
2270
16699
13523
19801
15699
1731
3201
8396
6546
2915
8184
4749
11023
5420
2632
19406
10781
18807
1090
127
1621
8962
10887
2140
12245
673
380
14935
10821
3298
5978
12093
5620
193
7842
18472
5409
14085
7341
1921
12791
1525
15425
17871
5008
4347
6911
11104
9626
5395
8121
9491
8374
17231
4994
18080
8957
18379
4478
3845
12573
11015
472
14670
6690
12359
1554
9823
1744
14147
18199
2305
11307
7179
15149
13639
15033
11803
6278
8443
19040
18071
3285
15274
7274
9027
6845
361
7815
5826
2309
2211
8209
7465
18856
14080
1162
10302
12938
6579
18849
11410
16356
12608
10804
18809
8768
5000
15440
12578
9152
14930
6163
16919
13049
856
12626
9811
12125
13387
19767
218
5654
14084
10915
17018
15726
1833
16465
11996
17131
1815
14010
11847
18456
2002
14805
13009
7999
5351
2134
5059
11443
5209
5495
4712
14409
7536
21
7249
18246
7259
945
8168
11923
12893
11063
7919
846
16635
4219
15477
11323
5409
10559
6964
8951
18348
10737
12682
12237
15639
6577
7281
15713
16837
17105
2077
2441
14887
149
7762
16412
18571
18009
9760
19874
19394
2418
3644
3787
524
14252
14428
12701
14754
19827
17006
15109
9216
8622
7573
3342
17741
11429
9121
14863
18856
4355
907
19774
19249
9878
10954
17858
14481
2803
10964
13511
14919
13751
245
907
13391
7849
3045
437
16305
13147
8361
18309
9668
14703
4904
1542
19453
13589
13960
8928
13336
274
17829
6283
11937
4157
10925
14589
3232
16772
17051
1796
927
16747
13389
1328
7993
14452
6340
10439
12448
7354
19705
14012
5771
7255
951
7930
13050
1606
19192
6394
19112
11555
16863
12724
2892
12462
18991
5105
18764
13742
1510
8447
4670
19442
4090
11615
19580
14899
14191
14008
19076
16693
13169
6126
17449
11116
4596
17133
7225
13179
15398
9695
17548
2136
8494
5277
5926
8908
2467
9090
6505
14230
1387
2939
11162
17711
12239
2971
8846
17032
15543
331
10384
18351
8839
15583
4498
10737
1845
1987
18126
12569
582
14036
2392
5367
18053
3211
9282
15835
4863
14516
3115
10944
15550
12541
6789
6759
7071
2794
12193
9048
3538
17349
7066
16973
2510
16018
10042
9130
3118
10273
10125
11620
16844
17949
17056
13858
12152
12993
15221
6593
9302
11818
12006
14865
16529
17320
3700
9021
3552
6734
12491
10376
7955
5512
17139
17394
6649
9068
5398
9115
17042
18858
10153
16222
236
10685
15993
8862
9020
8099
15731
10975
10779
16841
10927
17931
1659
9824
15834
53
15812
17004
6463
18650
15183
11802
306
10947
158
19601
6841
18567
10678
3554
950
1806
9402
9466
11733
18288
5253
7158
17263
10555
18819
9909
11801
19956
10605
6921
10316
3668
16384
6727
15953
3284
13497
16639
4809
9988
12271
8677
1078
16084
1644
973
2346
7094
14697
4630
7786
8698
7974
12381
5246
18681
16259
3794
18040
14030
11133
17127
17790
15998
7080
10405
14198
13240
7749
2809
18765
14104
6081
17260
15459
4421
16683
560
7927
13114
9743
3574
2603
7842
16371
15388
4916
19420
15725
11331
19520
10622
15039
12799
12579
13270
10256
15016
3136
4236
6664
942
4945
4547
1736
13321
7572
9758
13060
3214
13266
479
19806
19069
15884
1163
8640
10487
1924
105
17654
9230
8677
14761
2310
3348
15440
8513
18892
19125
9381
14611
17654
18881
13674
14122
1016
513
16187
12259
19117
6443
10478
6633
1676
18129
5953
16952
16291
17363
4675
19427
7890
8821
12507
14609
11686
6027
4377
2914
19888
12496
13112
7920
3425
18422
6348
6929
11589
10104
7821
4472
1306
7052
8928
13947
9547
6196
7455
14671
9517
11091
17380
5359
11285
12060
2039
6780
3219
10438
4401
11646
1584
12893
10093
11497
13280
10546
6250
10043
18179
1906
991
9953
3070
4820
16732
14137
8624
13643
16728
9075
756
17915
2140
14033
6771
3657
3116
9389
16290
13323
18061
2329
7199
7039
17560
5377
9028
12600
10937
7757
11526
19410
15268
7970
6573
199
10293
12713
18511
12186
8322
6695
2955
240
9855
13163
7487
4670
17358
6439
5031
8958
16673
2678
14387
15931
9581
7067
12771
14796
8141
4106
6017
10142
12496
3968
6395
3817
992
15148
2428
15492
13648
18129
9671
9141
2049
4420
18735
4129
9969
10768
11093
6177
8800
15257
11518
4437
7232
12349
2128
12306
13369
7958
9834
14808
17399
4093
7710
5407
6257
2152
11627
7695
10902
17140
2587
4334
10581
3166
15573
10355
15017
3851
11936
11834
18495
5063
18326
6065
6
4490
12736
19503
16434
2743
12691
16260
12109
17502
1959
7500
15899
15841
6704
7165
15240
2868
17211
14367
11920
2685
7303
18427
3786
6875
17405
1004
2546
12451
8813
19315
3922
15846
6310
9670
6028
13326
17042
13608
19270
4487
5260
7348
6611
18522
12095
1843
3866
10741
17884
18733
15653
2822
10647
2748
19784
8678
12767
8091
12076
15123
5560
10142
8983
1653
6103
18748
10522
2946
8761
5190
13527
15900
8768
11035
9836
18872
299
6996
14081
19195
16369
13979
3913
8765
2650
14937
16824
1295
8154
8332
2210
2872
5611
15063
6988
2427
8742
1843
5873
18228
16701
356
8883
13122
15416
14054
16860
1535
9290
9126
1775
19561
12463
19853
3280
3301
13092
3191
11053
12378
12707
11138
18920
3160
15866
14018
10562
16796
14407
10001
1637
18731
8082
16452
1741
1083
6855
13944
4565
11409
5998
15947
11002
16357
9129
7560
9358
9091
16617
6010
10523
19818
526
12897
10161
8503
5465
7523
17966
6588
687
5401
8553
1993
5452
10154
6171
18060
7585
9398
13003
19605
17581
12520
5749
12626
15059
2766
11126
19130
2621
7397
9654
10405
4973
5262
12434
9272
13212
1693
7237
17759
177
13040
15186
9330
8671
17532
10257
15130
8475
15202
5395
2189
10393
7105
3860
11092
1890
19654
13373
13454
1204
6430
3122
8110
19382
15596
12574
17376
13750
10389
19865
11817
1762
7192
13428
18091
5631
6684
2913
4967
12873
7170
7233
7901
16999
17626
331
7535
17770
657
11734
13221
3234
6535
8164
18985
11517
4799
6731
6290
4189
1583
17344
5790
6581
16247
18466
12888
13536
2767
16385
9369
11165
2905
11465
11370
14411
694
1807
11048
17469
7381
3926
10080
14587
9957
19134
3930
4437
8107
3754
5619
16900
17071
18189
17154
4030
2321
12209
5052
5269
11001
4483
5298
10766
18092
8190
4472
17529
13946
15986
14625
19794
4244
15345
11046
13682
1116
4950
901
7474
11509
14706
6470
19934
14777
9716
12025
18802
17352
13876
11067
6196
4894
7581
13304
7117
18494
5973
9418
13125
2698
1290
5343
6938
2613
986
13368
6845
2319
6079
9326
19145
2079
3253
19600
5376
11568
12874
1831
5252
19522
10401
10170
18063
17729
9698
15277
8496
11251
8481
6468
3363
18154
7786
3110
7499
4825
19846
16541
12366
11204
16301
15033
10989
17456
4072
6260
12735
1369
193
5008
9161
7906
6698
17277
11452
19399
9510
9175
10762
2703
4632
5131
17286
1693
262
6170
3320
10470
14697
17143
506
15933
3892
10090
6995
11113
7423
7095
7437
10264
12079
4600
5876
10157
12227
487
17901
11092
5341
7672
4144
10103
3115
9987
19012
13545
12434
5311
5398
8223
822
4458
13270
1183
1352
11269
14894
2320
17261
14812
8959
10417
15398
1700
9497
8549
10945
15804
10839
17900
5020
950
17269
8910
4081
13647
5776
14704
12482
10234
15384
9672
12706
6107
16340
13773
14430
15310
7634
7176
17414
3016
1225
5575
18652
1142
7629
2576
14840
19138
18766
1171
7829
3540
9582
17624
15196
15284
2685
4183
19723
2733
8979
8838
12513
19981
19977
8141
1577
10922
9300
18101
11168
7871
14655
2687
14724
11283
14339
18962
860
15514
8998
19724
2270
8821
17358
1849
4865
11701
7200
13153
1663
14877
13978
1916
12870
10789
6537
4161
19996
411
7687
6172
14445
18756
3060
509
16691
8736
8688
12941
2368
43
18387
10812
8618
5823
8105
19542
16179
19383
3277
10772
5844
15759
10209
16238
14150
7367
5191
12110
5645
12518
13216
2848
2402
16219
4894
677
3099
9887
9703
2247
7641
3510
18121
14407
11885
3669
12212
14546
5319
3805
19577
14194
19357
3237
14941
4992
12405
6358
569
4568
1839
1231
7890
15365
15026
15273
6768
8603
8882
11029
9629
3299
58
7842
1851
19121
4987
1979
12034
11313
13393
14060
6518
12032
12206
15204
8545
18327
12742
11382
4818
9922
19799
1339
13553
5295
3442
19634
7549
4002
16682
6215
16324
7525
1816
4305
6143
15101
9609
3380
2824
12504
10021
1223
13753
10242
17404
7601
14562
7638
6062
5741
9253
16466
9687
17132
15602
15235
13462
1433
15674
1247
13945
8183
4883
19634
1095
18055
10599
3024
3625
12102
14745
6826
12118
18387
2837
15099
2329
6542
1907
17058
14881
6012
4712
16330
12773
679
2216
7716
13362
2563
12572
8534
12050
3499
7451
18029
10042
2601
10313
15598
18929
9140
8489
16107
7256
788
18560
16721
18459
1793
8776
9885
6162
18377
16077
16367
2068
5009
1064
8726
793
12563
12821
16747
7689
17925
10515
13530
2566
6138
6103
18811
18644
18914
15629
16255
10337
18541
11693
13318
18836
6924
15862
16941
11350
12184
18345
3332
13399
15916
15045
16030
4863
13549
14074
3618
6291
3307
4844
2814
8351
15103
19910
12859
4614
16276
3512
15691
13891
16642
15119
12479
10266
949
8688
16085
13537
14348
19440
5199
4837
7870
4563
19519
18170
19799
3839
286
16738
7519
17500
3932
6809
14876
13386
18353
15227
4878
17599
7538
13586
16760
14908
18463
416
16639
12779
10010
10758
19242
11863
15826
8303
297
1671
9885
16828
15443
12248
13028
844
7559
14742
10200
13479
13364
11639
14914
4455
8724
15637
15768
3716
17235
18406
9356
1659
12077
1594
4382
1146
15765
18512
12114
7914
14323
3444
4860
13977
19397
16281
13048
8708
5830
15919
9686
8253
12555
2881
6930
18527
14954
4686
7810
7883
18390
11874
7528
15101
8901
15537
16967
7728
17202
5327
9107
10379
4478
2639
1889
10471
6642
13622
14013
16125
2271
12986
19547
6993
4710
14172
17925
981
2644
4575
19219
14139
11589
11493
14424
2300
8362
10085
1561
17790
10021
4586
18392
3876
8976
6635
19311
15384
16733
4322
1305
18702
632
8172
9482
14837
297
3068
1278
4543
19190
6908
17647
9098
2661
9313
9600
19050
6783
9449
3030
9301
16400
14068
17287
3723
7787
17436
18570
5472
11371
9395
1838
9896
17748
11864
3815
13982
7735
18069
6850
11376
11764
503
6042
3658
6362
19883
1379
9565
5194
18546
3396
13548
10298
17824
6722
10035
2805
7127
9399
16341
13791
2619
1825
15776
16151
14994
19862
9375
4885
5914
14774
28
6354
8742
10681
5007
15207
55
7175
13544
12942
16851
2790
8597
3461
4580
5326
15824
11345
7087
16025
5257
6270
6576
1590
10059
12388
7055
4924
14413
16934
2145
14331
13719
5525
11581
8431
14831
4753
3928
3662
6463
9007
12320
14976
10725
19701
11378
8687
10743
5378
9145
15540
144
9452
9188
80
18556
1377
1442
2396
14556
2383
12284
4472
6006
11999
1231
6016
15548
2427
18276
19325
16407
15665
4494
19639
5743
2639
3104
8328
4314
13038
16712
11756
14944
7084
844
9141
14854
113
6303
9082
12703
5427
12512
8591
9675
10837
18864
18640
19114
19978
4046
11320
1282
18775
13200
5582
14761
6295
15360
10462
13999
13400
4337
4870
3722
17986
1084
8423
14464
2008
6491
1755
14379
9143
2849
5414
15852
10267
3221
6020
16687
7713
7401
19426
8118
7719
12667
16105
19716
11856
15111
9045
18153
580
16295
11205
4805
4371
16808
11946
14779
12346
7242
5730
5491
11422
16179
17790
5260
10166
12945
13183
10716
12357
16843
13248
12741
18436
7714
14477
14295
19999
15497
2129
4636
19350
766
2285
7427
1987
10052
4228
2572
19771
1790
12819
6381
10893
7082
15838
2527
136
6232
6918
6152
9402
6214
14742
19653
3282
762
15101
148
9511
17594
18998
4444
11953
5067
12354
6393
17429
9988
15480
3656
3615
2478
19282
7499
10056
1914
19753
4409
19702
16095
635
15013
13667
5679
1288
15113
13045
6325
3965
15664
9452
8110
6951
17341
3611
19041
10505
10331
10926
1787
841
14657
18890
19435
11524
8545
6514
15991
610
238
2693
11994
5700
1832
2468
7642
16794
14886
14961
9162
4785
8286
1396
377
5097
6035
6647
17748
6789
1468
11825
19711
11388
18733
6304
1003
6252
19365
3439
2965
8142
9811
18327
13435
11300
6117
642
4156
6991
5198
10186
4362
17950
15731
15200
4110
19808
6131
1289
17721
2938
10897
4963
9763
16597
8927
16293
5250
3790
648
708
14823
18257
17146
1906
11832
1600
5679
11008
1286
2764
247
19845
12044
5287
12515
12983
14691
14352
10032
15221
7107
6125
9005
18791
3866
16567
13579
10781
6050
6927
6273
8917
8803
16719
12761
7608
7845
1435
2523
2916
4847
9429
18323
17956
3041
7632
18209
10266
13098
9245
8382
7103
3975
12865
5862
11682
3609
18536
18438
13548
8386
3602
162
2309
4795
7979
15203
79
18869
8473
14876
15407
14026
13230
7192
7404
17439
11741
3714
3568
19961
2314
3697
16011
4728
4890
12301
10935
8212
6794
3650
3735
11027
9851
192
19992
9669
10986
3116
9881
9308
10142
6503
12935
2731
19195
8089
10081
6809
2835
10074
7867
7426
12188
17885
13085
17163
17181
3673
19019
12064
5954
13813
8896
75
14702
5551
659
1267
18512
13737
7740
3695
10799
9328
13936
12485
2559
5450
7367
100
15541
10844
2271
16090
10551
15606
6394
9043
1484
9692
12514
4719
17619
13713
19308
11902
14384
450
58
17434
6977
11916
4539
4353
14479
1579
13837
334
6143
544
16547
7955
14120
14301
161
18933
5119
8817
8004
4964
18349
5195
15583
14934
1347
8076
11007
17759
12260
8462
3856
6478
15200
18411
13625
1095
1538
8299
9859
56
5759
3661
19447
1499
142
17
18468
10183
18679
672
5088
13331
2884
14297
11558
11752
10772
8889
10078
19554
9710
3206
10554
13731
1075
4920
17116
10868
15468
10085
5781
12985
18051
13863
5128
367
4045
811
493
15780
7908
7097
15122
1491
11731
15323
3644
16923
1323
8493
9195
14716
8275
607
4251
9421
16092
17577
9095
5788
16306
7020
5800
1187
8942
19041
3035
17219
13192
11776
3264
3360
1898
17711
7006
13817
7424
10213
17381
16130
11340
12954
7307
12096
11926
9261
17464
19936
1568
1649
11869
2068
5975
19765
15647
8491
11941
3535
2898
7724
11108
1028
3968
8303
9517
1590
2505
5240
13006
1867
10340
17904
12890
3094
14403
7906
13179
4260
7572
11343
9890
11172
7236
19087
13055
16916
9023
5637
5164
1605
5106
4317
13219
3882
19986
17540
19313
12514
5493
12196
14978
12320
14525
16891
3291
4851
1045
16343
12166
887
4948
14416
5704
1559
9983
19490
3951
17628
12363
3269
7271
5623
10528
2731
6476
9703
13401
5781
2713
4456
17063
19026
18271
1688
11541
8437
15377
5415
2183
7538
14012
2715
11196
18390
4820
5244
9106
1056
4426
18626
328
14591
14009
5658
11742
8649
1824
12175
18297
2196
11530
1019
5476
10965
13321
15113
13040
12820
3073
18821
3963
5608
10112
5923
5422
6100
16715
19497
7617
9725
7540
16602
9497
5735
6376
12832
7378
779
19748
8597
1591
7767
2536
7950
9518
13410
7748
5061
19473
9162
303
19073
13751
17676
6902
14372
15089
7039
8401
913
6416
4398
8305
16760
4803
1328
4790
19487
6910
10406
4893
17070
17463
17552
7159
15959
18346
5068
1076
5281
18717
4396
15070
19088
4221
19347
11107
9138
15015
13547
2698
19240
17699
8294
12038
14863
14986
8720
5832
10538
18568
17357
6574
10126
10044
4564
15546
4713
15677
19271
5950
14576
17463
10030
15123
2564
9715
13039
17065
3264
12724
9517
16249
16130
7838
12090
246
147
6193
921
14177
5973
403
11509
12028
8008
5931
15863
16694
9977
13289
2696
6853
16007
19780
19492
10674
1811
7484
4535
8782
7331
61
14935
4515
12403
4389
10909
8581
9722
6492
18337
15079
18324
14594
16241
14474
19217
11303
13901
16463
19097
3220
13186
19918
9434
2087
18690
15871
19312
9435
1436
16758
4015
13030
1054
19212
12816
5276
387
7608
13014
4880
16378
9468
8571
13851
10133
6876
828
885
11850
2729
16926
8576
4170
10235
6780
18949
4443
18270
4302
662
11733
14947
16983
16146
3413
3800
10283
12103
13761
10226
4187
17553
2809
5957
16895
9281
5078
3094
4191
11257
14178
2888
9277
16563
2643
6610
2530
10689
12485
16242
4164
19280
627
16155
1488
2182
19826
6698
442
12938
9098
7447
703
5026
2866
2630
8339
19543
11815
8380
2283
2486
4041
2959
7625
13776
15506
6519
10464
7360
16979
2369
8803
6700
5580
13090
11182
69
808
9031
8240
41
4723
19755
8212
16520
4921
13155
7787
6755
3645
15507
15031
6000
4850
2819
7702
58
9593
18508
8457
1702
8664
5837
2688
2864
9747
17722
10276
12788
5098
2803
4993
8136
19247
18835
9838
19782
6626
2559
8091
17448
2155
19294
14645
17004
12435
9384
280
6519
1823
7639
7634
16694
6409
17178
17168
2847
797
2793
39
10710
206
1714
2881
7499
12755
4754
3427
7233
1729
5567
14807
15690
8421
9474
19738
9613
